# oST version 5.0 parameters


[image]

width
640

height
480

[narrow_stereo]

camera matrix
645.143552 0.000000 369.844129
0.000000 637.119434 243.264356
0.000000 0.000000 1.000000

distortion
0.009070 -0.252392 0.012528 0.015732 0.000000

rectification
1.000000 0.000000 0.000000
0.000000 1.000000 0.000000
0.000000 0.000000 1.000000

projection
626.522156 0.000000 381.954126 0.000000
0.000000 636.510803 247.158019 0.000000
0.000000 0.000000 1.000000 0.000000

